0,522
0,521
0,520
0,519
0,518
0,517
0,516
0,515
0,472
27,2
28,2
31,1
31,3
26,1
26,3
33,1
33,3
34,35
30,1
30,3
29,1
29,3
28,1
28,3
27,1
27,3
3,2
3,1
3,3
10,141
10,268
10,311
10,155
10,163
10,161
10,164
10,1
10,230
10,2
10,3
11,17
11,13
11,14
11,15
11,18
11,20
11,19
11,1
11,7
11,2
11,3
9,5
9,1
9,7
9,2
9,3
8,10
8,14
8,5
8,11
8,1
8,8
8,2
8,3
12,2
12,1
12,3
20,2
20,1
20,3
19,2
19,1
19,3
18,1
18,3
14,1
14,3
13,1
13,3
2,2
2,1
2,3
0,0
34,34
34,33
34,32
34,31
34,30
34,29
34,28
34,27
34,26
34,25
34,24
34,23
34,22
34,21
34,20
34,19
34,18
